353994713142443
353994713142989
353994713139068
353994713140660
353994713143201
353994713139043
353994713132584
353994713137351
353994713141700
353994713135777
353994713142443
353994713142989
353994713139068
353994713140660
353994713143201
353994713139043
353994713132584
353994713137351
353994713141700
353994713135777
353994713142443
353994713142989
353994713139068
353994713140660
353994713143201
353994713139043
353994713132584
353994713137351
353994713141700
353994713135777
353994713142443
353994713142989
353994713139068
353994713140660
353994713143201
353994713139043
353994713132584
353994713137351
353994713141700
353994713135777